8 3 10 58
3 36 70
4 3 33
2 23 58
3 50 80
2 21 51
2 42 78
3 33 66
5 39 71
0 12 9 4 10 11 6 3 11
12 0 21 11 20 14 15 11 1
9 21 0 12 9 14 9 11 20
4 11 12 0 10 13 5 5 11
10 20 9 10 0 19 5 12 20
11 14 14 13 19 0 16 9 13
6 15 9 5 5 16 0 8 15
3 11 11 5 12 9 8 0 10
11 1 20 11 20 13 15 10 0
0 29 23 8 25 26 14 6 28
29 0 51 27 50 34 38 26 2
23 51 0 28 22 34 22 26 50
8 27 28 0 23 32 11 12 26
25 50 22 23 0 48 13 30 49
26 34 34 32 48 0 38 21 33
14 38 22 11 13 38 0 19 37
6 26 26 12 30 21 19 0 25
28 2 50 26 49 33 37 25 0
